0,273
0,270
135,35
10,219
10,85
10,115
10,285
10,107
10,245
10,7
10,101
10,2
10,3
11,2
11,3
9,5
9,7
9,2
9,3
122,3
8,4
122,2
122,1
8,18
122,0
121,5
121,4
121,3
8,17
121,2
121,1
8,13
0,516
121,0
90,3
90,1
85,3
85,1
80,3
80,1
79,3
79,1
76,3
76,1
75,3
75,2
75,1
47,4
47,3
47,2
47,1
47,0
42,4
42,3
42,2
42,1
42,0
37,5
37,4
37,3
37,2
37,1
37,0
36,5
36,4
36,3
36,2
36,1
33,3
33,1
32,3
32,1
27,3
27,1
26,3
26,1
20,3
20,2
20,1
19,3
19,2
19,1
12,3
12,2
12,1
11,30
11,29
11,28
11,27
11,26
11,25
11,24
11,23
11,22
11,21
11,20
11,19
11,18
11,17
11,16
11,15
11,14
11,13
11,12
11,11
11,10
11,9
11,8
11,7
11,6
11,5
18,1
11,1
18,3
11,4
10,226
